0.0
52.472726755546965
50.463030027645324
48.48596260936356
46.54112976506635
44.626344358457224
42.73925678280032
40.877415608399545
39.03829091005373
37.21929696480958
35.41781582892366
33.631221619523814
31.856905266590505
30.092299547447936
28.33490429271225
26.5823117605461
24.832232323856733
23.08252081848218
21.331204187539306
19.576511479116494
17.816907907334784
16.051135758330087
14.27826680272643
12.497774437201219
10.709641173004739
8.914534349630793
7.114130065822741
5.311826004765413
3.5148568228711072
2.3818497859311907
1.748518801812383
1.3962307874037194
1.1958336958028115
1.0784584311531802
1.0096016020245995
0.9703020497502658
0.9490537300742312
0.9389357237638757
0.9357529849112974
0.9367723676375135
0.9401743782291938
0.9448424111296146
0.9501789152980715
0.9559063268706492
0.9619052358036952
0.9681154580762985
0.9744908985384525
0.9809870832439891
0.9875625871821073
0.9941827306559655
1.0008208697644732
1.0074570806166514
1.0140757315708913
1.0205030778336486
1.021968009631232
1.0205008775460909
1.0172981881954783
1.0130762148543928
1.0082679568931747
1.0031350790628732
0.9978342888563645
0.9924585157143208
0.9870630342094577
0.9816818091306553
0.976337246529692
0.9710456096420107
0.9658197970996725
0.9606706925156141
0.9556078469149347
0.9506398956202955
0.9457748725940387
0.9410204621769954
0.9363841870215109
0.931873531763567
0.927496013955463
0.923259221122325
0.9191708319587353
0.9152386336565206
0.911470540530364
0.9078746143308744
0.9044590845990617
0.9012323673679725
0.8982030812824697
0.8953800609023262
0.8927723672123533
0.8903892952257668
0.88824037823984
0.8863353879751892
0.8846843295846305
0.883297430357191
0.8821851208209369
0.8813580068294515
0.8808268310855113
0.8806024224211725
0.8806956310387274
0.8811172478468055
0.8818779060263223
0.8829879630548374
0.8844573616309922
0.8862954682993993
0.8885108891086486
0.8911112623655355
0.8941030294958776
0.8974911861926984
0.9012790174142921
0.9054678213532666
0.9100566291698238
0.9150419289733471
0.9204174041198787
0.9261736972146369
0.9322982120983704
0.9387749663782872
0.9455845065865798
0.952703896698932
0.9601067884791346
0.9677635789786743
0.9756416566540398
0.9837057332110017
0.9919182537652723
0.9933316617293395
0.9903773749692995
0.9849491531653575
0.9781756030112813
0.9707298135090899
0.9630116650033692
0.9552589278265006
0.9476155806427651
0.9401728885141301
0.9329926782353374
0.9261194443507883
0.9195862330869007
0.9134176418926716
0.9076317429645552
0.9022416208967796
0.8972566381887552
0.8926833841767801
0.8885263068808736
0.8847881023949193
0.8814699649296897
0.8785717794022702
0.8760922971278854
0.8740293012157219
0.8723797527225696
0.8711399083025958
0.8703054063873202
0.8698713248393757
0.8698322157066393
0.8701821225732415
0.8709145846860288
0.8720226308454195
0.8734987654864836
0.8753349493150617
0.8775225769720096
0.880052454223141
0.8829147770263799
0.8860991145464061
0.8895943978405598
0.8933889155843987
0.897470317864739
0.9018256287421502
0.9064412679714738
0.9113030819634261
0.9163963837787653
0.9217060016745406
0.9272163354783365
0.9329114198578845
0.9387749933828177
0.9447905721463145
0.9509415266279047
0.9572111604315395
0.9635827895281271
0.9700398206614147
0.976565827640155
0.9831446243328807
0.9897603332969132
0.9963974491092016
1.0030408956134713
1.0096760764527772
1.016288918414672
1.021026612085021
1.021493501782293
1.0194351906055537
1.015884564872529
1.0114616882011778
1.006541510762842
1.0013501449708342
0.9960226393248539
0.9906390730032228
0.9852474046402385
0.979877611294346
0.9745499792083612
0.9692796196862451
0.9640787510534375
0.958957811402128
0.9539260449599121
0.9489918827006969
0.9441632366471506
0.939447731887352
0.9348528741211186
0.9303861559759983
