0.0|0.0|0.0
20.05|23.982998640013975|0.8744811116363304
20.1|24.23686830471842|0.8784341792138235
20.15|24.455153213078734|0.8816170726744597
20.2|24.637307766504634|0.8840415966053357
20.25|24.782876673476796|0.8857173214298955
20.3|24.891496087538606|0.8866516000053346
20.35|24.962894516722812|0.886849588873756
20.4|24.99689350214004|0.8863142730407815
20.45|24.99340806403307|0.885046493707391
20.5|24.95244691418199|0.8830449788954438
20.55|24.874112434129273|0.8803063774000018
20.6|24.75860041927924|0.8768252969865874
20.65|24.60619958951154|0.8725943482420614
20.7|24.417290867531747|0.867604195995679
20.75|24.19234642676306|0.8618436207621051
20.8|23.931928511158606|0.8552995932284564
20.85|23.63668802988436|0.8479573654174846
20.9|23.307362930385267|0.839800582809282
20.95|22.944776353900828|0.8308114223892099
21.0|22.54983457804084|0.8209707622973467
21.05|22.123524751563252|0.810258389461735
21.1|21.666912427016392|0.798653252268282
21.15|21.18113889741256|0.7861337659020606
21.2|20.667418343589738|0.772678178415861
21.25|20.127034799392014|0.7582650057466298
21.3|19.561338942253585|0.7428735436873763
21.35|18.97174471720858|0.726484464082989
21.4|18.35972580276492|0.7090805010802915
21.45|17.726811927475346|0.690647230935405
21.5|17.074585046412942|0.6711739454717668
21.55|16.404675387107176|0.6506546146165634
21.6|15.7187573748241|0.6290889274028124
21.65|15.018545447375285|0.6064833933889207
21.7|14.305789769915926|0.5828524777514956
21.75|13.582271860443742|0.5582197336971908
21.8|12.849800136931567|0.5326188859265083
21.85|12.110205397224282|0.5060948095730785
21.9|11.365336242997717|0.47870434152571667
21.95|10.617054459216977|0.45051685671887637
22.0|9.867230360643942|0.4216145423132632
22.05|9.117738117024206|0.39209230898018116
22.1|8.370451068638804|0.3620572915980285
22.15|7.627237043929179|0.33162791166658906
22.2|6.8899536908986185|0.30093249975928815
22.25|6.160443833960004|0.2701075063990253
22.3|5.440530867834294|0.2392953609243666
22.35|4.732014200013378|0.20864206665434365
22.4|4.036664753178506|0.1782946433320216
22.45|3.3562205388156805|0.14839854136814412
22.5|2.6923823130923568|0.11909515491194082
22.55|2.046809325852582|0.09051955188225064
22.6|1.421115173356542|0.06279852004950102
22.65|0.8168637651303037|0.03604900167796301
22.7|0.23556541500629713|0.010376958573478966
22.75|-0.3213269338744542|-0.014123321703454829
22.8|-0.8524213406636747|-0.03736949594236647
22.85|-1.356390345933013|-0.05929105216835785
22.9|-1.8319742896312476|-0.07982887012834772
22.95|-2.2779844595785264|-0.0989345216200046
23.0|-2.69330606262756|-0.11656937994641707
23.05|-3.0769010110660293|-0.1327036055771285
23.1|-3.4278105172952262|-0.1473150690736885
23.15|-3.7451574902996985|-0.16038826394764133
23.2|-4.028148727918083|-0.17191325265628699
23.25|-4.276076899435303|-0.18188467943965567
23.3|-4.488322313541056|-0.1903008748948972
23.35|-4.664354467235356|-0.1971630695200635
23.4|-4.803733371809731|-0.20247472714470224
23.45|-4.906110652589895|-0.20624100422037997
23.5|-4.971230419690944|-0.20846833726091718
23.55|-4.998929907608844|-0.20916415810900849
23.6|-4.989139882049415|-0.2083367349286355
23.65|-4.941884812978014|-0.20599513563047434
23.7|-4.857282813457347|-0.2021493095808835
23.75|-4.735545344426349|-0.1968102826871628
23.8|-4.57697668615795|-0.1899904600753968
23.85|-4.3819731777168585|-0.18170402939060556
23.9|-4.151022226318332|-0.17196745609227784
23.95|-3.8847010890639027|-0.16080005987272786
24.0|-3.5836754300993583|-0.1482246584254655
24.05|-3.2486976568009727|-0.13426826123934277
24.1|-2.880605039148943|-0.1189627919826742
24.15|-2.480317616988497|-0.1023458135662208
24.2|-2.048835900409321|-0.08446122545079816
24.25|-1.5872383689915566|-0.06535989863350002
24.3|-1.0966787761684014|-0.04510021055605903
24.35|-0.5783832654434153|-0.023748440555722453
24.4|-0.03364730567036389|-0.001378987063212952
24.45|0.536167546944398|0.02192562888930266
24.5|1.129637052023135|0.04607500276820087
24.55|1.7452778448760924|0.07097134738896473
24.6|2.381551144140669|0.0965102619164967
24.65|3.03686659793338|0.1225817604245312
24.7|3.7095862589015303|0.14907153532436931
24.75|4.398028678238279|0.1758624152199234
24.8|5.100473108429167|0.20283596293815725
24.85|5.815163804224702|0.22987414913792417
24.9|6.540314411089065|0.2568610312122049
24.95|7.274112430156332|0.28368436684380455
25.0|8.014723748533404|0.31023709658971854
25.05|8.760297223627258|0.33641863964689084
25.1|9.50896931003732|0.3621359603442202
25.15|10.258868717448395|0.3873043784179937
25.2|11.008121087882124|0.41184811215479594
25.25|11.754853680615462|0.4357005585412638
25.3|12.497200053057389|0.4588043274589844
25.35|13.23330472588332|0.4811110569283216
25.4|13.96132782076704|0.5025810430950798
25.45|14.679449659118545|0.5231827221185387
25.5|15.385875310332525|0.5428920417116412
25.55|16.078839078180312|0.5616917583505338
25.6|16.75660891413084|0.5795706927430264
25.65|17.417490746569896|0.5965229716516209
25.7|18.05983271509708|0.6125472791655875
25.75|18.682029299316255|0.6276461354619413
25.8|19.28252533180059|0.6418252163220759
25.85|19.859819885201162|0.6550927223993074
25.9|20.41247002378363|0.667458803583442
25.95|20.939094410016235|0.6789350408232455
26.0|21.438376757194042|0.6895339854305557
26.05|21.90906911947032|0.6992687541473621
26.1|22.349995011071222|0.7081526770346759
26.15|22.76005234689749|0.71619899445627
26.2|23.138216197163338|0.7234205989983494
26.25|23.483541349187007|0.7298298180110009
26.3|23.795164669930298|0.7354382325112435
26.35|24.07230726338164|0.7402565283935291
26.4|24.314276417390452|0.7442943762053147
26.45|24.520467335086863|0.7475603361263825
26.5|24.690364646558756|0.7500617852133166
26.55|24.823543697008265|0.7518048644148227
26.6|24.919671608167572|0.7527944433152718
26.65|24.97850811032123|0.7530341010137186
26.7|24.99990614285531|0.7525261219879776
26.75|24.98381222183236|0.751271506225026
26.8|24.930266573673386|0.7492699933185675
26.85|24.839403034612747|0.7465201006414189
26.9|24.711448716177294|0.7430191760939341
26.95|24.54672343752577|0.7387634663088725
27.0|24.345638926067544|0.7337482015556439
27.05|24.10869778835848|0.7279676989284756
27.1|23.836492253846288|0.7214154857170415
27.15|23.52970269460537|0.7140844451344553
27.2|23.189095924760863|0.7059669868023759
27.25|22.815523283852833|0.6970552445479281
27.3|22.40991850893068|0.6873413041286761
27.35|21.97329540069682|0.6768174634412545
27.4|21.50674528953295|0.6654765275522478
27.45|21.011434307742324|0.6533121404776912
27.5|20.488600474826466|0.6403191549879331
27.55|19.939550603081077|0.6264940407843601
27.6|19.36565703124587|0.6118353301433453
27.65|18.768354194372485|0.5963440985184049
27.7|18.14913503848372|0.5800244756166177
27.75|17.509547288986226|0.5628841801261266
27.8|16.851189582162892|0.5449350686071355
27.85|16.17570746941471|0.5261936861517098
27.9|15.484789304239321|0.5066818034018241
27.95|14.780162022226332|0.4864269215821057
28.0|14.063586824618035|0.465462724602729
28.05|13.336854776223301|0.44382945531736684
28.1|12.601782328688381|0.42157419201062113
28.15|11.860206780313838|0.3987510014687006
28.200000000000003|11.113981683765367|0.3754209468453747
28.25|10.364972213158033|0.3516519321711366
28.3|9.615050502091607|0.327518370824312
28.35|8.866090964292129|0.3031006724615972
28.4|8.119965608553564|0.2784845514536759
28.450000000000003|7.378539359690524|0.2537601692428044
28.5|6.643665397198054|0.22902113251318054
28.55|5.917180523267264|0.2043633778182477
28.6|5.200900571737028|0.17988398051310622
28.65|4.496615869454832|0.15567993076958928
28.700000000000003|3.8060867613918496|0.13184692159034989
28.75|3.1310392106978284|0.10847819285529822
28.8|2.4731604846913875|0.08566347161923547
28.85|1.8340949375709759|0.0634880425313127
28.9|1.2154399003855367|0.0420319740084323
28.950000000000003|0.6187416885385844|0.02136951646245506
29.0|0.04549173680548613|0.0015686792927865952
29.05|-0.5028771284773512|-0.017309015713329948
29.1|-1.0249942707316642|-0.035208614851686526
29.15|-1.5195546690151378|-0.05208166346436296
29.200000000000003|-1.9853221798942382|-0.06788600856181062
29.25|-2.421132627158668|-0.08258549699953886
29.3|-2.8258967116560534|-0.09614959416089638
29.35|-3.198602733972182|-0.10855294773411682
29.4|-3.5383191231527817|-0.11977491970579796
29.450000000000003|-3.8441967651458455|-0.12979910745553183
29.5|-4.115471125144303|-0.13861287213918752
29.55|-4.351464158525173|-0.1462068896587381
29.6|-4.5515860056077795|-0.152574736644977
29.65|-4.7153364659958505|-0.15771252117653348
29.700000000000003|-4.8423062488180335|-0.16161856551733172
29.75|-4.932177995741826|-0.16429314601890452
29.8|-4.984727074204242|-0.16573829350728725
29.85|-4.999822138876144|-0.16595765592985323
29.9|-4.977425459957219|-0.16495642372775857
29.950000000000003|-4.9175930174807885|-0.1627413172639475
